cycle, observation, reward, action, explored, explore_rate, total reward, average reward
1, 32647, 0, 3, 0, 0, 0, 0
2, 29962, 1011, 0, 0, 0, 1011, 505.5
3, 30472, 991, 3, 0, 0, 2002, 667.333
4, 30472, 1011, 2, 0, 0, 3013, 753.25
5, 29962, 1001, 3, 0, 0, 4014, 802.8
6, 29962, 1011, 3, 0, 0, 5025, 837.5
7, 29962, 1011, 3, 0, 0, 6036, 862.286
8, 29962, 1011, 3, 0, 0, 7047, 880.875
9, 29962, 1011, 2, 0, 0, 8058, 895.333
10, 30472, 991, 3, 0, 0, 9049, 904.9
11, 30472, 1011, 1, 0, 0, 10060, 914.545
12, 29189, 991, 0, 0, 0, 11051, 920.917
13, 29189, 1011, 1, 0, 0, 12062, 927.846
14, 29954, 991, 1, 0, 0, 13053, 932.357
15, 29954, 1011, 0, 0, 0, 14064, 937.6
16, 29962, 991, 1, 0, 0, 15055, 940.938
17, 29962, 1011, 3, 0, 0, 16066, 945.059
18, 29962, 1011, 2, 0, 0, 17077, 948.722
19, 29954, 1001, 0, 0, 0, 18078, 951.474
20, 29962, 1001, 0, 0, 0, 19079, 953.95
21, 32002, 991, 0, 0, 0, 20070, 955.714
22, 29962, 991, 3, 0, 0, 21061, 957.318
23, 29962, 1011, 2, 0, 0, 22072, 959.652
24, 32002, 1001, 3, 0, 0, 23073, 961.375
25, 28677, 991, 1, 0, 0, 24064, 962.56
26, 29954, 1001, 2, 0, 0, 25065, 964.038
27, 29962, 1001, 3, 0, 0, 26066, 965.407
28, 29962, 1011, 0, 0, 0, 27077, 967.036
29, 29954, 1001, 1, 0, 0, 28078, 968.207
30, 29954, 1011, 1, 0, 0, 29089, 969.633
31, 29954, 1011, 3, 0, 0, 30100, 970.968
32, 28677, 1001, 1, 0, 0, 31101, 971.906
33, 29954, 1001, 2, 0, 0, 32102, 972.788
34, 29962, 1001, 3, 0, 0, 33103, 973.618
35, 29962, 1011, 2, 0, 0, 34114, 974.686
36, 29954, 1001, 3, 0, 0, 35115, 975.417
37, 28677, 1001, 0, 0, 0, 36116, 976.108
38, 28677, 1011, 1, 0, 0, 37127, 977.026
39, 29954, 1001, 1, 0, 0, 38128, 977.641
40, 29954, 1011, 2, 0, 0, 39139, 978.475
41, 29962, 991, 0, 0, 0, 40130, 978.78
42, 29954, 1001, 3, 0, 0, 41131, 979.31
43, 28677, 1001, 1, 0, 0, 42132, 979.814
44, 29954, 1001, 3, 0, 0, 43133, 980.295
45, 28677, 1001, 2, 0, 0, 44134, 980.756
46, 28677, 1011, 3, 0, 0, 45145, 981.413
47, 29960, 1001, 2, 0, 0, 46146, 981.83
48, 29962, 991, 0, 0, 0, 47137, 982.021
49, 29960, 1001, 2, 0, 0, 48138, 982.408
50, 29962, 1001, 2, 0, 0, 49139, 982.78
51, 32002, 991, 1, 0, 0, 50130, 982.941
52, 32002, 1011, 3, 0, 0, 51141, 983.481
53, 30725, 991, 0, 0, 0, 52132, 983.623
54, 30725, 1011, 3, 0, 0, 53143, 984.13
55, 30980, 991, 1, 0, 0, 54134, 984.255
56, 30725, 1001, 1, 0, 0, 55135, 984.554
57, 32002, 1001, 0, 0, 0, 56136, 984.842
58, 29962, 1001, 2, 0, 0, 57137, 985.121
59, 32002, 1001, 1, 0, 0, 58138, 985.39
60, 32002, 1011, 2, 0, 0, 59149, 985.817
61, 29962, 991, 0, 0, 0, 60140, 985.902
62, 32002, 1001, 2, 0, 0, 61141, 986.145
63, 29962, 1001, 2, 0, 0, 62142, 986.381
64, 32512, 991, 0, 0, 0, 63133, 986.453
65, 29962, 1001, 2, 0, 0, 64134, 986.677
66, 32512, 1001, 1, 0, 0, 65135, 986.894
67, 31237, 991, 1, 0, 0, 66126, 986.955
68, 31492, 991, 0, 0, 0, 67117, 987.015
69, 28938, 991, 1, 0, 0, 68108, 987.072
70, 28938, 1011, 0, 0, 0, 69119, 987.414
71, 29448, 991, 0, 0, 0, 70110, 987.465
72, 28938, 1001, 2, 0, 0, 71111, 987.653
73, 29448, 1001, 1, 0, 0, 72112, 987.836
74, 29189, 991, 0, 0, 0, 73103, 987.878
75, 29189, 1011, 0, 0, 0, 74114, 988.187
76, 29189, 1011, 2, 0, 0, 75125, 988.487
77, 29189, 1011, 3, 0, 0, 76136, 988.779
78, 29448, 1001, 2, 0, 0, 77137, 988.936
79, 28938, 1001, 2, 0, 0, 78138, 989.089
80, 31620, 1001, 3, 0, 0, 79139, 989.237
81, 31365, 1001, 3, 0, 0, 80140, 989.383
82, 32672, 951, 1, 0, 0, 81091, 988.915
83, 29962, 1011, 3, 0, 0, 82102, 989.181
84, 29962, 1011, 3, 0, 0, 83113, 989.44
85, 29962, 1011, 1, 0, 0, 84124, 989.694
86, 29962, 1011, 3, 0, 0, 85135, 989.942
87, 29962, 1011, 0, 0, 0, 86146, 990.184
88, 30472, 991, 0, 0, 0, 87137, 990.193
89, 29962, 991, 0, 0, 0, 88128, 990.202
90, 32002, 991, 3, 0, 0, 89119, 990.211
91, 30725, 991, 0, 0, 0, 90110, 990.22
92, 30725, 1011, 3, 0, 0, 91121, 990.446
93, 31745, 991, 0, 0, 0, 92112, 990.452
94, 31745, 1011, 3, 0, 0, 93123, 990.67
95, 30725, 991, 0, 0, 0, 94114, 990.674
96, 30725, 1011, 0, 0, 0, 95125, 990.885
97, 30725, 1011, 1, 0, 0, 96136, 991.093
98, 31745, 1001, 2, 0, 0, 97137, 991.194
99, 29706, 991, 2, 0, 0, 98128, 991.192
100, 29706, 991, 2, 0, 0, 99119, 991.19
101, 29706, 991, 0, 0, 0, 100110, 991.188
102, 29706, 1001, 0, 0, 0, 101111, 991.284
103, 25610, 1001, 2, 0, 0, 102112, 991.379
104, 29706, 1001, 0, 0, 0, 103113, 991.471
105, 25610, 1001, 3, 0, 0, 104114, 991.562
106, 25610, 1011, 1, 0, 0, 105125, 991.745
107, 25610, 1011, 2, 0, 0, 106136, 991.925
108, 29706, 1001, 1, 0, 0, 107137, 992.009
109, 29706, 1011, 2, 0, 0, 108148, 992.183
110, 29706, 1001, 1, 0, 0, 109149, 992.264
111, 29770, 1011, 1, 0, 0, 110160, 992.432
112, 29770, 1011, 0, 0, 0, 111171, 992.598
113, 29770, 1001, 3, 0, 0, 112172, 992.673
114, 29770, 1011, 1, 0, 0, 113183, 992.833
115, 29706, 961, 1, 0, 0, 114144, 992.557
116, 29962, 1011, 3, 0, 0, 115155, 992.716
117, 29962, 1011, 1, 0, 0, 116166, 992.872
118, 29962, 1011, 0, 0, 0, 117177, 993.025
119, 30472, 991, 2, 0, 0, 118168, 993.008
120, 29962, 1001, 1, 0, 0, 119169, 993.075
121, 29962, 1011, 2, 0, 0, 120180, 993.223
122, 30472, 991, 0, 0, 0, 121171, 993.205
123, 29962, 1001, 2, 0, 0, 122172, 993.268
124, 30472, 1001, 0, 0, 0, 123173, 993.331
125, 29962, 1001, 1, 0, 0, 124174, 993.392
126, 29978, 1011, 1, 0, 0, 125185, 993.532
127, 29978, 1011, 1, 0, 0, 126196, 993.669
128, 29978, 1011, 3, 0, 0, 127207, 993.805
129, 29962, 961, 3, 0, 0, 128168, 993.55
130, 29962, 1011, 0, 0, 0, 129179, 993.685
131, 30472, 991, 0, 0, 0, 130170, 993.664
132, 29962, 991, 0, 0, 0, 131161, 993.644
133, 32002, 991, 0, 0, 0, 132152, 993.624
134, 29962, 991, 0, 0, 0, 133143, 993.604
135, 32512, 991, 0, 0, 0, 134134, 993.585
136, 29962, 991, 2, 0, 0, 135125, 993.566
137, 32512, 1001, 1, 0, 0, 136126, 993.62
138, 31237, 991, 2, 0, 0, 137117, 993.601
139, 31237, 1011, 1, 0, 0, 138128, 993.727
140, 32257, 991, 1, 0, 0, 139119, 993.707
141, 31237, 991, 3, 0, 0, 140110, 993.688
142, 32257, 1001, 0, 0, 0, 141111, 993.739
143, 32257, 1011, 2, 0, 0, 142122, 993.86
144, 29706, 991, 0, 0, 0, 143113, 993.84
145, 32257, 1001, 2, 0, 0, 144114, 993.89
146, 29706, 1001, 2, 0, 0, 145115, 993.938
147, 30216, 991, 1, 0, 0, 146106, 993.918
148, 29189, 991, 0, 0, 0, 147097, 993.899
149, 29189, 1011, 2, 0, 0, 148108, 994.013
150, 29189, 1011, 0, 0, 0, 149119, 994.127
151, 29189, 1011, 2, 0, 0, 150130, 994.238
152, 29189, 1011, 2, 0, 0, 151141, 994.349
153, 29189, 1011, 3, 0, 0, 152152, 994.458
154, 30216, 1001, 3, 0, 0, 153153, 994.5
155, 30216, 1011, 1, 0, 0, 154164, 994.606
156, 29189, 1001, 0, 0, 0, 155165, 994.647
157, 29189, 1011, 3, 0, 0, 156176, 994.752
158, 30216, 1001, 1, 0, 0, 157177, 994.791
159, 29189, 1001, 2, 0, 0, 158178, 994.83
160, 29189, 1011, 2, 0, 0, 159189, 994.931
161, 29189, 1011, 2, 0, 0, 160200, 995.031
162, 29189, 1011, 3, 0, 0, 161211, 995.13
163, 30216, 1001, 3, 0, 0, 162212, 995.166
164, 30216, 1011, 0, 0, 0, 163223, 995.262
165, 29706, 1001, 3, 0, 0, 164224, 995.297
166, 29706, 1011, 3, 0, 0, 165235, 995.392
167, 29706, 1011, 0, 0, 0, 166246, 995.485
168, 32385, 1001, 2, 0, 0, 167247, 995.518
169, 29706, 1001, 2, 0, 0, 168248, 995.55
170, 30216, 1001, 3, 0, 0, 169249, 995.582
171, 30216, 1011, 3, 0, 0, 170260, 995.673
172, 30216, 1011, 1, 0, 0, 171271, 995.762
173, 29189, 1001, 3, 0, 0, 172272, 995.792
174, 30216, 1001, 1, 0, 0, 173273, 995.822
175, 29189, 1001, 2, 0, 0, 174274, 995.851
176, 29189, 1011, 2, 0, 0, 175285, 995.938
177, 29189, 1011, 1, 0, 0, 176296, 996.023
178, 29699, 991, 2, 0, 0, 177287, 995.994
179, 29706, 991, 1, 0, 0, 178278, 995.966
180, 29706, 1011, 2, 0, 0, 179289, 996.05
181, 29196, 991, 0, 0, 0, 180280, 996.022
182, 28682, 1001, 0, 0, 0, 181281, 996.049
183, 24579, 1001, 0, 0, 0, 182282, 996.077
184, 24579, 1011, 1, 0, 0, 183293, 996.158
185, 24579, 1011, 3, 0, 0, 184304, 996.238
186, 28677, 1001, 3, 0, 0, 185305, 996.263
187, 29704, 1001, 1, 0, 0, 186306, 996.289
188, 28677, 1001, 1, 0, 0, 187307, 996.314
189, 24579, 1001, 0, 0, 0, 188308, 996.339
190, 24579, 1011, 2, 0, 0, 189319, 996.416
191, 28682, 1001, 2, 0, 0, 190320, 996.44
192, 29196, 1001, 0, 0, 0, 191321, 996.464
193, 28682, 1001, 2, 0, 0, 192322, 996.487
194, 29196, 1001, 1, 0, 0, 193323, 996.51
195, 29189, 991, 2, 0, 0, 194314, 996.482
196, 29189, 1011, 2, 0, 0, 195325, 996.556
197, 29189, 1011, 0, 0, 0, 196336, 996.629
198, 29189, 1011, 2, 0, 0, 197347, 996.702
199, 29189, 1011, 2, 0, 0, 198358, 996.774
200, 29189, 1011, 1, 0, 0, 199369, 996.845
201, 29954, 991, 2, 0, 0, 200360, 996.816
